1 (00.000,00.0) (00.000,00.0) (00.000,00.0)
2 (00.000,00.0) (00.000,00.0) (00.000,00.0)
3 (00.000,00.0) (00.000,00.0) (00.000,00.0)
4 (00.000,00.0) (00.000,00.0) (00.000,00.0)
5 (00.000,00.0) (00.000,00.0) (00.000,00.0)
6 (00.000,00.0) (00.000,00.0) (00.000,00.0)
7 (00.000,00.0) (00.000,00.0) (00.000,00.0)
8 (00.000,00.0) (00.000,00.0) (00.000,00.0)
9 (00.000,00.0) (00.000,00.0) (00.000,00.0)
10 (00.000,00.0) (00.000,00.0) (00.000,00.0)
11 (00.000,00.0) (00.000,00.0) (00.000,00.0)
12 (00.000,00.0) (00.000,00.0) (00.000,00.0)
13 (00.000,00.0) (00.000,00.0) (00.000,00.0)
14 (00.000,00.0) (00.000,00.0) (00.000,00.0)
15 (00.000,00.0) (00.000,00.0) (00.000,00.0)